knn : 0.825091575092 : [21, 44]
knn : 0.825091575092 : [21, 44]
